150
0 0.0000000000000000000 0.0580528999999999976 0.0679246000000000016 0.0770749000000000017 0.0572346999999999995 0.0581752000000000033 0.0575946999999999987 0.0680612000000000023 0.0729329999999999978 0.0321113000000000023 0.0722407000000000049 0.0550891000000000020 0.0560864000000000015 0.0767928999999999973 0.0544460999999999973 0.0705782999999999966 0.0549998999999999974 0.0790054000000000034 0.0674736999999999976 0.0689961000000000046 0.0716187999999999964 0.0687075000000000047 0.0560012000000000010 0.0741108000000000045 0.0753170999999999979 0.0667804000000000036 0.0694715999999999945 0.0651574000000000042 0.0556603999999999988 0.0741882999999999987 0.0683850000000000013 0.0656449999999999950 0.0623596000000000011 0.0665251000000000037 0.0652732000000000034 0.0652607999999999938 0.0635884000000000033 0.0649461000000000066 0.0657742000000000049 0.0630256000000000011 0.0617166999999999993 0.0579102000000000020 0.0648086999999999969 0.0611958000000000016 0.0637532999999999989 0.0628471000000000030 0.0613469999999999988 0.0645339000000000051 0.0663398999999999933 0.0680256000000000055 0.0655754000000000059 0.0642372999999999972 0.0678425000000000000 0.0633878999999999970 0.0611816999999999986 0.0666409000000000029 0.0649568999999999980 0.0654616999999999977 0.0692868999999999985 0.0672366999999999965 0.0704426999999999970 0.0677005999999999997 0.0600919999999999996 0.0676390999999999937 0.0611162999999999984 0.0633177000000000045 0.0610542999999999988 0.0596363999999999991 0.0652102999999999988 0.0660537000000000069 0.0659751999999999977 0.0572847999999999968 0.0631585000000000063 0.0653468999999999994 0.0596797999999999981 0.0576477999999999990 0.0625657000000000019 0.0638988999999999946 0.0665044000000000052 0.0655112999999999945 0.0678571000000000035 0.0613295999999999980 0.0645687999999999956 0.0644563999999999970 0.0616024000000000016 0.0628560999999999981 0.0580388999999999974 0.0656777999999999945 0.0624779999999999988 0.0621089999999999975 0.0632380000000000025 0.0649151000000000034 0.0631584000000000034 0.0634392000000000011 0.0575005000000000030 0.0612586999999999993 0.0609898999999999997 0.0630345999999999962 0.0633612999999999954 0.0625336999999999976 0.0595236000000000029 0.0598175000000000026 0.0610571000000000030 0.0586332000000000034 0.0644393999999999939 0.0544924999999999993 0.0634529999999999955 0.0606362999999999971 0.0595451999999999995 0.0649369999999999947 0.0609943000000000013 0.0592622999999999969 0.0163071000000000015 0.0609448000000000004 0.0584824999999999998 0.0141823000000000001 0.0573561000000000001 0.0588119000000000003 0.0503240999999999966 0.0655818999999999985 0.0614142000000000021 0.0618876000000000009 0.0579976999999999993 0.0606440000000000035 0.0572510000000000033 0.0575318000000000010 0.0598341000000000012 0.0563813999999999982 0.0563383999999999968 0.0592714999999999978 0.0563547999999999966 0.0592724999999999988 0.0560097999999999985 0.0599128000000000022 0.0602724999999999997 0.0581293999999999977 0.0590127999999999972 0.0569725000000000023 0.0554151000000000019 0.0569062999999999999 0.0582582000000000030 0.0581442000000000001 0.0566397000000000012 0.0595617999999999981 0.0577394999999999992 0.0531195000000000001 0.0586445000000000022 0.0594299000000000008 0.0596802999999999986 0.0571127999999999983
1 0.0580528999999999976 0.0000000000000000000 0.0344847000000000001 0.0593757999999999994 0.0167630000000000001 0.0160339000000000002 0.0135820000000000003 0.0206674999999999984 0.0734564999999999940 0.0454067999999999972 0.0694276000000000060 0.0390107999999999983 0.0430680000000000021 0.0681387999999999994 0.0410215000000000024 0.0673173999999999995 0.0412498999999999991 0.0491697999999999996 0.0554125999999999994 0.0369992999999999989 0.0468620000000000009 0.0318516000000000007 0.0376635999999999985 0.0674399999999999999 0.0665083000000000063 0.0692142000000000035 0.0684653999999999957 0.0617223999999999967 0.0375563999999999967 0.0602909999999999974 0.0505086000000000007 0.0524157999999999985 0.0665759999999999963 0.0441973999999999978 0.0629578999999999972 0.0632873999999999937 0.0328863000000000003 0.0627313000000000037 0.0442991000000000010 0.0444027000000000033 0.0619178000000000020 0.0321436999999999973 0.0622662999999999967 0.0528795999999999988 0.0641950000000000021 0.0640951000000000021 0.0644520999999999983 0.0649485000000000062 0.0609055000000000013 0.0626315999999999956 0.0631841999999999959 0.0544846000000000011 0.0564518000000000034 0.0388505999999999990 0.0629279999999999978 0.0607122000000000009 0.0592658000000000004 0.0433723999999999985 0.0605788000000000021 0.0429273999999999975 0.0640064999999999940 0.0609449999999999992 0.0577567999999999970 0.0451806000000000013 0.0622349999999999987 0.0387892000000000028 0.0625597999999999987 0.0615086999999999995 0.0604183000000000012 0.0610747000000000026 0.0636396999999999935 0.0524029000000000023 0.0416754000000000013 0.0645304000000000016 0.0613780999999999979 0.0595330999999999985 0.0636025000000000063 0.0572840999999999975 0.0594451999999999967 0.0632922000000000068 0.0625364000000000059 0.0620107999999999979 0.0569479000000000027 0.0582094999999999974 0.0613201000000000024 0.0546623999999999999 0.0591527000000000025 0.0629950999999999983 0.0272115999999999990 0.0589538000000000006 0.0603618000000000002 0.0570266999999999996 0.0533688000000000010 0.0596923999999999996 0.0583383000000000027 0.0572864000000000012 0.0579044999999999976 0.0565785999999999997 0.0567628999999999981 0.0257936999999999993 0.0551518000000000008 0.0586315999999999990 0.0571086999999999984 0.0538618999999999973 0.0257321000000000008 0.0265705000000000004 0.0512133000000000033 0.0589485999999999968 0.0540283000000000013 0.0267300999999999997 0.0534731000000000026 0.0532641000000000017 0.0248635999999999996 0.0230887999999999996 0.0547662999999999969 0.0234738999999999989 0.0579251000000000002 0.0582121000000000027 0.0292531000000000006 0.0235748999999999993 0.0524406999999999998 0.0024718700000000001 0.0571906999999999971 0.0590948000000000029 0.0530979999999999994 0.0529861999999999972 0.0559622999999999995 0.0511590000000000031 0.0546113000000000015 0.0223181000000000004 0.0545116000000000003 0.0536102999999999996 0.0196706999999999993 0.0205561000000000008 0.0498028999999999972 0.0556595999999999966 0.0232365999999999996 0.0510448000000000013 0.0205758000000000017 0.0557167999999999969 0.0564081000000000027 0.0523732999999999976 0.0563900000000000026 0.0536685000000000009 0.0539555999999999994 0.0189453000000000017 0.0541000000000000023 0.0522996000000000016 0.0218828000000000009 0.0540935999999999986
2 0.0679246000000000016 0.0344847000000000001 0.0000000000000000000 0.0318731000000000014 0.0304247999999999984 0.0313251000000000016 0.0278906000000000015 0.0341921999999999990 0.0487071000000000032 0.0228743999999999996 0.0644958999999999949 0.0163593999999999996 0.0193450000000000011 0.0677120999999999973 0.0198918000000000011 0.0691472999999999949 0.0151094000000000003 0.0482662999999999981 0.0586744000000000016 0.0396110000000000004 0.0470319999999999974 0.0345577999999999996 0.0172520999999999994 0.0656744999999999968 0.0658259000000000066 0.0643095999999999945 0.0657742999999999939 0.0611201999999999995 0.0409795000000000020 0.0599311999999999970 0.0543345000000000009 0.0567522999999999986 0.0622088999999999975 0.0476492999999999986 0.0603729000000000002 0.0580805000000000002 0.0257834000000000015 0.0600778000000000006 0.0450532999999999975 0.0434010000000000021 0.0628380000000000050 0.0336069000000000020 0.0611109999999999987 0.0542476000000000000 0.0597475000000000020 0.0600935000000000011 0.0401390000000000011 0.0591964000000000032 0.0608474000000000029 0.0631898999999999933 0.0614378999999999967 0.0569240000000000024 0.0596167000000000016 0.0407642000000000004 0.0621345000000000022 0.0634166000000000035 0.0594861000000000001 0.0456666000000000016 0.0644240999999999980 0.0422975000000000018 0.0657810999999999951 0.0605262999999999982 0.0555018999999999998 0.0465501999999999999 0.0391403000000000029 0.0390773000000000023 0.0607600999999999974 0.0597234000000000029 0.0597502999999999992 0.0571962000000000026 0.0557925999999999978 0.0501821000000000003 0.0392371999999999999 0.0624323999999999990 0.0447820999999999983 0.0553652000000000033 0.0563574999999999979 0.0602280999999999997 0.0579078000000000023 0.0564303000000000027 0.0643654000000000032 0.0594189999999999996 0.0612337999999999980 0.0600395000000000026 0.0568888999999999992 0.0613193000000000002 0.0562799999999999967 0.0540442000000000006 0.0626683999999999991 0.0580893000000000034 0.0540271000000000015 0.0582538999999999974 0.0451722999999999986 0.0601585999999999996 0.0568494999999999973 0.0559976999999999975 0.0523882000000000028 0.0588566000000000020 0.0583918999999999966 0.0615088999999999983 0.0594995999999999997 0.0570041999999999979 0.0537913000000000002 0.0511925999999999978 0.0588506000000000029 0.0585137000000000018 0.0529253000000000015 0.0520462999999999967 0.0497720999999999997 0.0598875999999999992 0.0547554999999999986 0.0511165999999999981 0.0165379000000000012 0.0496276000000000009 0.0493142999999999984 0.0151223000000000000 0.0544583000000000012 0.0555954000000000031 0.0178835000000000001 0.0580601999999999993 0.0537004000000000023 0.0607714000000000032 0.0555350999999999970 0.0530426999999999982 0.0442499000000000017 0.0431080000000000005 0.0544666999999999998 0.0437678000000000025 0.0472520999999999983 0.0075809600000000003 0.0539185000000000011 0.0473958000000000018 0.0444348999999999994 0.0446570000000000022 0.0562052999999999997 0.0529113999999999973 0.0111938999999999997 0.0541453000000000004 0.0113244999999999995 0.0508260999999999991 0.0511515000000000025 0.0535645999999999969 0.0505928000000000003 0.0543408999999999975 0.0522374999999999992 0.0479551000000000005 0.0549359999999999987 0.0562346000000000026 0.0050263900000000004 0.0522434999999999983
3 0.0770749000000000017 0.0593757999999999994 0.0318731000000000014 0.0000000000000000000 0.0548213000000000034 0.0619595000000000007 0.0573523000000000019 0.0500034999999999993 0.0888620999999999994 0.0259198999999999992 0.1036920000000000064 0.0219111999999999987 0.0267775999999999986 0.1079790000000000055 0.0230745000000000013 0.0280343000000000016 0.0235960999999999983 0.0872237000000000012 0.0327208000000000013 0.0315158999999999995 0.0275151000000000007 0.0363197999999999993 0.0208209999999999992 0.1060310000000000002 0.1063950000000000035 0.1012929999999999942 0.0973369000000000040 0.0236350999999999992 0.0193987000000000014 0.1007600000000000023 0.0269239000000000006 0.0370957000000000023 0.0947531999999999958 0.0294768000000000009 0.0251737999999999996 0.1014670000000000016 0.0240051000000000014 0.0241775000000000011 0.0295785000000000006 0.0206018000000000000 0.1007040000000000018 0.0143724000000000005 0.0956773000000000068 0.0286238000000000013 0.0989243999999999957 0.0951260000000000022 0.0162197000000000001 0.0245727999999999988 0.1011159999999999975 0.0212072999999999984 0.1002620000000000039 0.0288066000000000016 0.0268161999999999984 0.0195913999999999984 0.0987796999999999981 0.0280502000000000008 0.0986672999999999994 0.0211031999999999990 0.0223116000000000009 0.0234637000000000005 0.0222924000000000004 0.0222198000000000014 0.0981308000000000041 0.0228203000000000017 0.0130492999999999998 0.0175063999999999984 0.0947733999999999938 0.0957140999999999964 0.0970991999999999966 0.0966443000000000024 0.0202450999999999985 0.0947515000000000024 0.0833286000000000027 0.0214592000000000012 0.0824206999999999995 0.0935918000000000028 0.0943420999999999982 0.0225438999999999987 0.0206755999999999988 0.0186211000000000015 0.0199701000000000010 0.0953969999999999957 0.0201601000000000002 0.0203626000000000015 0.0960967999999999961 0.0194650999999999991 0.0931952000000000058 0.0149952000000000002 0.0193375999999999999 0.0945232000000000017 0.0940224000000000060 0.0178595999999999998 0.0859323000000000031 0.0188931999999999989 0.0958791999999999978 0.0947936000000000056 0.0915516999999999997 0.0224616000000000017 0.0216778999999999999 0.0183636000000000008 0.0207799999999999999 0.0188393999999999992 0.0911749000000000032 0.0898150999999999949 0.0153078999999999993 0.0206607000000000006 0.0203628000000000003 0.0923896000000000023 0.0893464000000000064 0.0190809000000000013 0.0229239000000000005 0.0890958000000000028 0.0221138999999999988 0.0167129999999999987 0.0881727999999999956 0.0218287999999999989 0.0201173000000000012 0.0964167999999999970 0.0200773999999999987 0.0134774999999999999 0.0165920999999999985 0.0182749000000000002 0.0181750000000000002 0.0142582999999999998 0.0868594000000000033 0.0867422999999999944 0.0175722999999999990 0.0862466000000000066 0.0921879000000000032 0.0186891999999999996 0.0201981999999999995 0.0105474000000000002 0.0166070000000000002 0.0173029999999999989 0.0189163000000000005 0.0113854999999999998 0.0150811999999999995 0.0164564999999999989 0.0205309000000000012 0.0138035999999999992 0.0152385999999999997 0.0180091999999999995 0.0126701999999999995 0.0154833000000000002 0.0172918999999999989 0.0127405999999999995 0.0138744000000000003 0.0151061000000000008 0.0135773999999999999 0.0148578000000000009
4 0.0572346999999999995 0.0167630000000000001 0.0304247999999999984 0.0548213000000000034 0.0000000000000000000 0.0114230000000000009 0.0132029999999999995 0.0196301000000000010 0.0717626999999999987 0.0386611999999999997 0.0701767999999999975 0.0337997000000000020 0.0361203999999999970 0.0700844000000000050 0.0366852000000000011 0.0706327999999999956 0.0366486000000000034 0.0499515999999999988 0.0585569999999999979 0.0365151000000000017 0.0449195000000000011 0.0370370000000000005 0.0348610999999999990 0.0695970999999999951 0.0690704000000000040 0.0698917000000000010 0.0675329000000000068 0.0648056000000000049 0.0352297999999999986 0.0622957999999999984 0.0541521999999999976 0.0534014999999999976 0.0666220000000000007 0.0456456999999999974 0.0589087000000000013 0.0616466999999999987 0.0311385999999999989 0.0609118000000000021 0.0474371000000000029 0.0439599000000000031 0.0608679000000000026 0.0277534000000000010 0.0629110999999999976 0.0543020000000000030 0.0621193999999999982 0.0641117999999999966 0.0626893000000000034 0.0617163000000000017 0.0621634000000000006 0.0597666000000000031 0.0604791999999999969 0.0556579999999999991 0.0620508000000000032 0.0207723999999999999 0.0601876999999999968 0.0599497999999999975 0.0612658999999999981 0.0445745000000000030 0.0615112999999999979 0.0436018000000000031 0.0640822999999999948 0.0610650999999999972 0.0562211999999999990 0.0453925000000000023 0.0631089999999999984 0.0170459999999999987 0.0602518000000000012 0.0597938999999999971 0.0609480999999999981 0.0602694999999999967 0.0614989000000000022 0.0500714999999999980 0.0418923000000000004 0.0630441999999999947 0.0604692000000000007 0.0592113000000000014 0.0587143999999999999 0.0198815999999999993 0.0593887999999999985 0.0606847000000000011 0.0641414000000000012 0.0592774000000000009 0.0575039999999999996 0.0577799999999999980 0.0589481000000000033 0.0555532999999999999 0.0599239999999999981 0.0599676000000000028 0.0219435000000000012 0.0578144000000000019 0.0595989999999999992 0.0580087000000000033 0.0517851000000000006 0.0582444000000000017 0.0576964999999999978 0.0572012999999999966 0.0561637999999999998 0.0581257999999999983 0.0574819000000000024 0.0214434000000000013 0.0198814999999999999 0.0477985000000000007 0.0563280000000000031 0.0530327999999999980 0.0211427000000000004 0.0234369999999999995 0.0520421000000000009 0.0578122999999999970 0.0527540999999999982 0.0253098000000000004 0.0243593999999999998 0.0526794000000000012 0.0253632999999999983 0.0227351000000000011 0.0529461999999999988 0.0233154000000000000 0.0464530999999999972 0.0564885999999999999 0.0221836000000000012 0.0208548999999999991 0.0163046999999999984 0.0214461999999999986 0.0586443000000000034 0.0592801999999999982 0.0507454000000000030 0.0521558999999999981 0.0188943999999999987 0.0494162000000000004 0.0521471000000000018 0.0194501000000000014 0.0103274999999999999 0.0528517999999999974 0.0176453999999999986 0.0204246000000000011 0.0208400000000000009 0.0568176999999999988 0.0176138999999999983 0.0180715000000000008 0.0202559000000000003 0.0550362000000000004 0.0548900999999999972 0.0161313000000000012 0.0547749999999999973 0.0169957999999999984 0.0182466000000000017 0.0176961999999999987 0.0169685000000000009 0.0155855000000000004 0.0172532999999999992 0.0177394999999999983
5 0.0581752000000000033 0.0160339000000000002 0.0313251000000000016 0.0619595000000000007 0.0114230000000000009 0.0000000000000000000 0.0134693000000000000 0.0188735000000000014 0.0710679000000000033 0.0405176999999999968 0.0744834000000000052 0.0363549999999999984 0.0366413000000000016 0.0715145999999999976 0.0337623999999999980 0.0699935000000000002 0.0367849999999999983 0.0496173000000000031 0.0565695999999999977 0.0373968000000000009 0.0447169999999999998 0.0335931000000000007 0.0355270999999999990 0.0717158999999999991 0.0713955000000000006 0.0656754999999999978 0.0681125999999999954 0.0630677000000000043 0.0324446999999999999 0.0637280999999999959 0.0520134000000000013 0.0516392000000000032 0.0643243000000000009 0.0462733999999999993 0.0592791000000000012 0.0613278000000000018 0.0308651999999999989 0.0606097000000000025 0.0442690000000000028 0.0417237000000000025 0.0618794999999999970 0.0276599000000000012 0.0621330000000000007 0.0528505000000000016 0.0625433999999999990 0.0621176000000000020 0.0661589000000000066 0.0636091000000000018 0.0630522000000000027 0.0625189000000000022 0.0588914999999999994 0.0542054000000000008 0.0645714000000000010 0.0211157000000000011 0.0617950000000000027 0.0591443999999999998 0.0615785000000000013 0.0456027999999999989 0.0626739999999999936 0.0427101999999999968 0.0661534000000000011 0.0619880999999999974 0.0566882000000000011 0.0447390999999999969 0.0656149000000000038 0.0169953000000000014 0.0607540000000000024 0.0599914000000000003 0.0589884999999999993 0.0582958999999999977 0.0638694999999999957 0.0493887999999999966 0.0401690000000000033 0.0626374999999999987 0.0639375999999999972 0.0573378999999999972 0.0571276999999999965 0.0189313000000000016 0.0595166000000000028 0.0619834999999999969 0.0652110000000000051 0.0594186000000000020 0.0578965999999999995 0.0596623999999999974 0.0563482999999999970 0.0562305999999999986 0.0587128000000000025 0.0649124999999999980 0.0244702000000000010 0.0552322999999999981 0.0611529000000000031 0.0578159999999999993 0.0503195999999999991 0.0584503999999999996 0.0554351000000000010 0.0562850000000000017 0.0571945999999999982 0.0554552000000000031 0.0555141999999999997 0.0254156999999999994 0.0200610999999999984 0.0157534000000000007 0.0583356000000000013 0.0554019999999999999 0.0231790000000000017 0.0254134999999999986 0.0522499000000000019 0.0571127000000000024 0.0533000000000000002 0.0277617000000000003 0.0249096000000000005 0.0532470999999999986 0.0240526000000000004 0.0220734999999999994 0.0534461999999999993 0.0228058000000000011 0.0143668000000000008 0.0585940000000000003 0.0248043000000000013 0.0215781999999999988 0.0135700000000000005 0.0195870999999999996 0.0563610999999999973 0.0610368000000000022 0.0508482999999999991 0.0505263999999999991 0.0198235000000000008 0.0521766999999999995 0.0541330000000000006 0.0205060999999999993 0.0137587000000000004 0.0559740000000000029 0.0183240999999999994 0.0174243999999999996 0.0189588000000000013 0.0587818999999999980 0.0212687000000000015 0.0174729999999999989 0.0196826000000000015 0.0574575000000000016 0.0556552000000000019 0.0150320999999999996 0.0571264000000000008 0.0155891999999999992 0.0165509999999999997 0.0214338999999999988 0.0166923999999999996 0.0158277999999999995 0.0198185999999999987 0.0164060999999999998
6 0.0575946999999999987 0.0135820000000000003 0.0278906000000000015 0.0573523000000000019 0.0132029999999999995 0.0134693000000000000 0.0000000000000000000 0.0194765000000000008 0.0685734999999999956 0.0379499000000000017 0.0654872999999999983 0.0349520999999999998 0.0357989999999999975 0.0659152999999999961 0.0350251999999999994 0.0686279999999999946 0.0349758000000000013 0.0478871000000000019 0.0583482000000000028 0.0343518999999999977 0.0444490000000000024 0.0341361000000000026 0.0323885000000000006 0.0634349000000000024 0.0639317999999999970 0.0643911999999999957 0.0666119000000000017 0.0606418000000000026 0.0336383000000000029 0.0577654000000000015 0.0536500000000000032 0.0521835000000000007 0.0620057999999999998 0.0423260999999999984 0.0601869000000000015 0.0600863000000000022 0.0291698999999999986 0.0617940000000000017 0.0438957999999999987 0.0444753000000000023 0.0613225000000000020 0.0259256000000000000 0.0621253000000000014 0.0529350000000000029 0.0631961999999999940 0.0600013000000000005 0.0622633000000000006 0.0616929999999999978 0.0595831000000000000 0.0586250999999999994 0.0642628999999999978 0.0540184999999999971 0.0593105999999999980 0.0386116000000000029 0.0616748999999999978 0.0617134000000000016 0.0578185000000000018 0.0437058999999999989 0.0630455000000000043 0.0398219000000000004 0.0651044000000000067 0.0605899999999999980 0.0544892999999999975 0.0449854999999999977 0.0623635999999999982 0.0161226000000000008 0.0620339000000000029 0.0606676999999999980 0.0601944000000000021 0.0603308999999999998 0.0615127999999999994 0.0484042999999999973 0.0395503999999999994 0.0617129999999999970 0.0608800999999999995 0.0596874999999999975 0.0600699999999999984 0.0555199999999999999 0.0592050999999999966 0.0595561000000000007 0.0631203999999999932 0.0603631999999999988 0.0563173000000000007 0.0558950000000000002 0.0593515999999999974 0.0574479000000000031 0.0581267000000000034 0.0578503000000000003 0.0201911000000000000 0.0605052999999999980 0.0579749000000000028 0.0565073000000000034 0.0483005999999999991 0.0579353000000000021 0.0569370000000000015 0.0558178000000000007 0.0548835999999999977 0.0559424000000000032 0.0561004000000000017 0.0201262000000000003 0.0201488000000000014 0.0573562999999999990 0.0542885999999999994 0.0524307999999999996 0.0165388999999999987 0.0235118999999999988 0.0515783000000000005 0.0561026000000000025 0.0520127000000000020 0.0206333000000000003 0.0221211000000000012 0.0524835000000000024 0.0224104999999999999 0.0169248000000000003 0.0512458000000000011 0.0217580999999999990 0.0556953000000000031 0.0560681999999999986 0.0241391000000000001 0.0165488999999999983 0.0121145000000000003 0.0160232000000000013 0.0574865999999999988 0.0573477000000000015 0.0486388000000000029 0.0500813999999999981 0.0150019999999999997 0.0482918000000000028 0.0508440000000000003 0.0156391999999999989 0.0529318999999999970 0.0503175000000000011 0.0147492999999999999 0.0133942000000000002 0.0161444999999999991 0.0559168999999999985 0.0176026999999999989 0.0517244999999999996 0.0173308000000000004 0.0528143000000000015 0.0535501999999999992 0.0148257000000000007 0.0538978999999999986 0.0141373000000000002 0.0136711000000000003 0.0165066999999999992 0.0141212999999999998 0.0110025000000000001 0.0143897000000000001 0.0122399999999999991
7 0.0680612000000000023 0.0206674999999999984 0.0341921999999999990 0.0500034999999999993 0.0196301000000000010 0.0188735000000000014 0.0194765000000000008 0.0000000000000000000 0.0691056000000000031 0.0499674000000000021 0.0708473000000000019 0.0399045000000000025 0.0445308999999999983 0.0612494999999999984 0.0426057999999999992 0.0624678999999999998 0.0413005999999999998 0.0456558999999999993 0.0292573999999999994 0.0320394999999999985 0.0433962000000000028 0.0279288999999999996 0.0432620999999999978 0.0614690999999999987 0.0601194999999999993 0.0585656000000000024 0.0563123999999999986 0.0590419999999999973 0.0418706000000000009 0.0535090999999999969 0.0230937000000000017 0.0267152000000000014 0.0605231999999999992 0.0219692000000000012 0.0547981000000000024 0.0571014999999999995 0.0357067000000000009 0.0596946000000000004 0.0401364000000000026 0.0258863000000000010 0.0594982999999999970 0.0328523999999999969 0.0573581000000000021 0.0271517000000000008 0.0569496999999999989 0.0573115000000000013 0.0384986000000000009 0.0322729000000000002 0.0598310000000000022 0.0208477000000000003 0.0575111999999999984 0.0218807999999999989 0.0305448000000000004 0.0240881000000000012 0.0544897999999999980 0.0508310999999999971 0.0579536000000000009 0.0340704999999999966 0.0208595999999999990 0.0161011000000000001 0.0471502000000000032 0.0160387999999999989 0.0572934000000000013 0.0351095999999999978 0.0382984000000000033 0.0179975999999999990 0.0551926999999999973 0.0572034999999999974 0.0588098999999999983 0.0526182999999999998 0.0312532000000000018 0.0503750000000000031 0.0428660000000000013 0.0262048999999999997 0.0604625999999999983 0.0568704000000000015 0.0571957000000000021 0.0264577000000000007 0.0496761999999999967 0.0302879999999999990 0.0108532000000000003 0.0540780000000000011 0.0502379000000000020 0.0499715999999999980 0.0521845999999999977 0.0450469000000000008 0.0526533000000000001 0.0276283000000000015 0.0259830999999999986 0.0551000000000000031 0.0573607000000000006 0.0486740000000000020 0.0448023000000000032 0.0489681000000000005 0.0567804999999999976 0.0581966999999999970 0.0502370999999999998 0.0474467999999999973 0.0148868999999999998 0.0268671000000000014 0.0241431000000000007 0.0262270000000000003 0.0554136000000000004 0.0542136000000000007 0.0217178999999999983 0.0276856000000000012 0.0343721000000000027 0.0522998000000000005 0.0519401999999999989 0.0242473999999999988 0.0221182000000000011 0.0532711000000000018 0.0265338999999999992 0.0270296000000000008 0.0541256000000000029 0.0263590999999999999 0.0242613999999999989 0.0572049999999999989 0.0286035999999999999 0.0206944000000000017 0.0187394999999999992 0.0200148999999999987 0.0261972000000000003 0.0217201999999999985 0.0495120000000000005 0.0493991999999999973 0.0210125999999999993 0.0507886999999999991 0.0538987999999999967 0.0241655999999999989 0.0221441999999999993 0.0215065000000000013 0.0222426000000000013 0.0251392999999999998 0.0221577999999999983 0.0213265000000000017 0.0192055000000000003 0.0206718000000000006 0.0261334000000000011 0.0249967999999999996 0.0229719999999999994 0.0180352000000000012 0.0213080000000000006 0.0180983000000000012 0.0163661000000000015 0.0226466999999999988 0.0176422999999999996 0.0180219999999999998 0.0169705999999999989 0.0175587000000000000
8 0.0729329999999999978 0.0734564999999999940 0.0487071000000000032 0.0888620999999999994 0.0717626999999999987 0.0710679000000000033 0.0685734999999999956 0.0691056000000000031 0.0000000000000000000 0.0315047999999999995 0.0510443999999999967 0.0281519000000000005 0.0282622000000000012 0.0524794000000000024 0.0265205999999999983 0.0372460999999999973 0.0257854999999999994 0.0506908000000000011 0.0496305999999999969 0.0544204999999999967 0.0449685999999999975 0.0580622000000000013 0.0268056999999999983 0.0514942999999999998 0.0511042999999999983 0.0472969000000000028 0.0504609999999999989 0.0369794999999999985 0.0268295999999999986 0.0486728999999999981 0.0486176999999999998 0.0473487000000000005 0.0453455999999999998 0.0510122000000000006 0.0387592000000000006 0.0402433000000000027 0.0391150999999999999 0.0344126999999999975 0.0492908000000000027 0.0415091000000000002 0.0483454999999999996 0.0241340999999999986 0.0421588000000000032 0.0431956000000000007 0.0435798999999999978 0.0431648000000000032 0.0248488000000000007 0.0357357000000000022 0.0450896000000000005 0.0338957999999999968 0.0464887000000000009 0.0406511999999999984 0.0395444000000000004 0.0397848999999999980 0.0423183999999999991 0.0348621000000000000 0.0442145999999999997 0.0444290000000000032 0.0347780000000000034 0.0443397000000000027 0.0338654999999999998 0.0347862999999999992 0.0459912999999999988 0.0441117999999999996 0.0232991999999999991 0.0390129999999999991 0.0399986000000000022 0.0438547000000000034 0.0281912999999999990 0.0398903999999999995 0.0311362999999999987 0.0470833999999999975 0.0420654000000000028 0.0317254000000000008 0.0290230000000000002 0.0391839000000000007 0.0418914000000000022 0.0296011000000000017 0.0323055000000000009 0.0315377000000000018 0.0328502999999999989 0.0415109999999999993 0.0297865999999999999 0.0312297999999999985 0.0398980999999999988 0.0311450999999999985 0.0387178999999999995 0.0310227000000000003 0.0289312000000000007 0.0276081999999999994 0.0253590999999999990 0.0301991999999999990 0.0398963000000000026 0.0321465000000000015 0.0387428000000000008 0.0384200999999999987 0.0414083000000000021 0.0289271000000000007 0.0323864999999999986 0.0297054999999999993 0.0278797000000000003 0.0276811999999999996 0.0253372000000000007 0.0276158999999999988 0.0255331999999999990 0.0312272999999999995 0.0329875000000000029 0.0399762000000000034 0.0388961999999999988 0.0300832000000000009 0.0333193000000000031 0.0394277999999999990 0.0320232000000000017 0.0274680999999999988 0.0379777000000000031 0.0315416999999999989 0.0256557999999999994 0.0255482999999999995 0.0282926000000000011 0.0257596000000000006 0.0281913999999999984 0.0273792999999999988 0.0287336000000000015 0.0268534999999999989 0.0386717999999999992 0.0349428999999999990 0.0278980999999999986 0.0387633000000000005 0.0387182999999999972 0.0238664999999999988 0.0258531000000000004 0.0285931999999999992 0.0273072000000000002 0.0277478999999999990 0.0281717000000000009 0.0253158999999999988 0.0261598999999999998 0.0250304000000000013 0.0274241999999999993 0.0243038999999999998 0.0264040999999999998 0.0248558000000000008 0.0272922999999999985 0.0249686000000000005 0.0267574000000000006 0.0288933999999999996 0.0241168000000000007 0.0229713000000000001 0.0259338999999999993 0.0218531000000000003
9 0.0321113000000000023 0.0454067999999999972 0.0228743999999999996 0.0259198999999999992 0.0386611999999999997 0.0405176999999999968 0.0379499000000000017 0.0499674000000000021 0.0315047999999999995 0.0000000000000000000 0.0433023000000000019 0.0140733000000000004 0.0116451999999999996 0.0494493000000000016 0.0117160000000000007 0.0451179999999999984 0.0120397999999999998 0.0489850000000000008 0.0434259000000000034 0.0427982000000000015 0.0436331999999999970 0.0371688999999999978 0.0152780999999999993 0.0450877999999999973 0.0470034999999999967 0.0392377000000000004 0.0437992000000000034 0.0421990000000000004 0.0153268999999999992 0.0470136000000000026 0.0418412999999999979 0.0430870000000000003 0.0377716000000000024 0.0434271999999999991 0.0400314000000000017 0.0374972000000000014 0.0431773000000000018 0.0382573999999999970 0.0383833000000000021 0.0369449999999999987 0.0374642000000000031 0.0186540999999999998 0.0410256000000000023 0.0379313999999999971 0.0358317999999999970 0.0370042000000000010 0.0160373000000000009 0.0381543000000000021 0.0402865000000000029 0.0404098999999999986 0.0377084999999999990 0.0412073999999999982 0.0374492999999999979 0.0371724999999999972 0.0341206000000000009 0.0404185999999999990 0.0401012999999999994 0.0425907000000000022 0.0417797000000000029 0.0375626999999999975 0.0443836000000000022 0.0423675000000000024 0.0339749999999999983 0.0415724000000000024 0.0145827999999999999 0.0386588000000000001 0.0356327000000000033 0.0352750999999999967 0.0340048999999999976 0.0399853000000000014 0.0357051999999999994 0.0363563999999999971 0.0326713000000000003 0.0390606999999999968 0.0207152999999999990 0.0317424999999999999 0.0346797999999999967 0.0377236999999999989 0.0375792000000000001 0.0339500000000000010 0.0443590000000000026 0.0349428000000000030 0.0380795999999999982 0.0378951999999999969 0.0335343000000000030 0.0397389000000000006 0.0324264000000000011 0.0357601999999999989 0.0386948000000000014 0.0347890000000000005 0.0336803999999999992 0.0398832000000000006 0.0347114999999999993 0.0362299999999999983 0.0301562000000000011 0.0297475999999999990 0.0352087999999999984 0.0357475999999999974 0.0374921000000000004 0.0362074999999999966 0.0359422000000000005 0.0332725999999999994 0.0337478999999999973 0.0352490999999999985 0.0363947000000000020 0.0233924000000000007 0.0382694000000000020 0.0304234999999999992 0.0335316000000000017 0.0342608000000000010 0.0361777000000000001 0.0328280999999999989 0.0207103000000000009 0.0347719999999999974 0.0307657000000000000 0.0196660999999999989 0.0300220999999999995 0.0346291999999999989 0.0236783999999999988 0.0379197000000000006 0.0350024000000000030 0.0367748999999999993 0.0317771000000000026 0.0337112999999999996 0.0313357000000000011 0.0311454999999999996 0.0316007999999999983 0.0291188999999999996 0.0303456999999999998 0.0323205999999999979 0.0306869999999999990 0.0325133000000000019 0.0307191999999999986 0.0308052000000000013 0.0332382000000000025 0.0322822999999999999 0.0352147000000000016 0.0313288999999999998 0.0315580999999999987 0.0303586999999999989 0.0310174000000000005 0.0310918999999999987 0.0298631000000000001 0.0324163999999999980 0.0313500999999999988 0.0295301000000000001 0.0316902999999999976 0.0325328999999999965 0.0349884000000000028 0.0301407999999999988
10 0.0722407000000000049 0.0694276000000000060 0.0644958999999999949 0.1036920000000000064 0.0701767999999999975 0.0744834000000000052 0.0654872999999999983 0.0708473000000000019 0.0510443999999999967 0.0433023000000000019 0.0000000000000000000 0.0436370999999999981 0.0431747000000000034 0.0246743999999999991 0.0403195000000000012 0.0361829999999999999 0.0402824000000000029 0.0366876999999999967 0.0498241999999999990 0.0483610999999999971 0.0462009000000000031 0.0536529999999999993 0.0402959999999999985 0.0198909999999999990 0.0203243999999999994 0.0368378999999999998 0.0300780000000000006 0.0321996999999999978 0.0389007999999999993 0.0209387000000000011 0.0453317999999999985 0.0430984999999999979 0.0388930999999999999 0.0442065999999999987 0.0375962999999999992 0.0350637999999999991 0.0387344999999999981 0.0323260000000000006 0.0451589000000000018 0.0422632999999999967 0.0360458000000000028 0.0366835999999999968 0.0337550000000000003 0.0397240999999999983 0.0302931999999999993 0.0324928999999999982 0.0387489000000000028 0.0360226000000000018 0.0204815999999999991 0.0333661000000000027 0.0297998000000000013 0.0363342999999999999 0.0373394999999999977 0.0401508000000000004 0.0347980000000000025 0.0366008999999999987 0.0189864000000000005 0.0402730000000000032 0.0305712999999999992 0.0435006000000000004 0.0319334000000000007 0.0326284000000000018 0.0292709999999999984 0.0387791999999999998 0.0370267999999999986 0.0372844999999999982 0.0326918000000000000 0.0324740000000000029 0.0284191999999999986 0.0305838000000000013 0.0334585000000000021 0.0308250000000000017 0.0390635000000000010 0.0306501999999999990 0.0328195000000000014 0.0319989999999999997 0.0269361000000000010 0.0291351000000000006 0.0284200000000000008 0.0300752999999999993 0.0307567000000000014 0.0304052000000000003 0.0285243999999999984 0.0308462000000000007 0.0292369999999999991 0.0278107000000000007 0.0283050999999999997 0.0279786999999999987 0.0345697000000000018 0.0253217999999999985 0.0262931999999999992 0.0294335000000000013 0.0320567000000000005 0.0294808000000000014 0.0266739000000000004 0.0252346999999999988 0.0293122999999999995 0.0288543999999999988 0.0298375999999999988 0.0309013999999999990 0.0262791999999999991 0.0263456999999999997 0.0242080999999999998 0.0296628999999999990 0.0307359000000000000 0.0297415000000000006 0.0325777999999999970 0.0261819000000000010 0.0281816000000000011 0.0298326000000000008 0.0280334000000000000 0.0322286000000000031 0.0306318000000000007 0.0263123999999999997 0.0295711999999999989 0.0313806999999999975 0.0258093000000000003 0.0259069999999999995 0.0272830000000000017 0.0297330999999999984 0.0276049000000000017 0.0249229000000000013 0.0270705000000000008 0.0257801999999999996 0.0259530000000000004 0.0253331000000000008 0.0230501000000000004 0.0267937999999999996 0.0239709999999999993 0.0250352000000000005 0.0265945999999999995 0.0257748999999999999 0.0270610000000000017 0.0300750000000000010 0.0250187000000000014 0.0233892999999999983 0.0284702000000000011 0.0260653999999999990 0.0263485000000000004 0.0252216999999999997 0.0274321000000000009 0.0244325999999999988 0.0246357000000000000 0.0232616999999999997 0.0242536000000000002 0.0268125999999999989 0.0248277000000000012 0.0236128999999999992 0.0251486000000000001 0.0219758000000000002
11 0.0550891000000000020 0.0390107999999999983 0.0163593999999999996 0.0219111999999999987 0.0337997000000000020 0.0363549999999999984 0.0349520999999999998 0.0399045000000000025 0.0281519000000000005 0.0140733000000000004 0.0436370999999999981 0.0000000000000000000 0.0109073999999999994 0.0465816999999999967 0.0089297200000000004 0.0459202999999999972 0.0117438999999999998 0.0435006000000000004 0.0382974999999999982 0.0349346999999999991 0.0366582999999999978 0.0325188000000000005 0.0146926999999999995 0.0436595999999999998 0.0449801999999999980 0.0384820999999999983 0.0390401000000000012 0.0406952999999999968 0.0161251999999999993 0.0412459000000000020 0.0383374000000000006 0.0383480000000000001 0.0342370999999999995 0.0368092000000000003 0.0364331999999999989 0.0366372999999999976 0.0447625999999999996 0.0398236000000000007 0.0327908000000000019 0.0342377000000000029 0.0347022000000000025 0.0161984000000000017 0.0384492999999999988 0.0345342999999999969 0.0356406000000000014 0.0332655000000000034 0.0175920999999999994 0.0397440999999999975 0.0376668000000000003 0.0393203999999999984 0.0394619999999999971 0.0353564999999999990 0.0365440000000000001 0.0341318999999999997 0.0359939999999999982 0.0354372000000000020 0.0364065000000000014 0.0338972999999999983 0.0401222999999999996 0.0331943000000000030 0.0410406000000000035 0.0401610000000000023 0.0319438000000000014 0.0362694000000000003 0.0157790000000000014 0.0326627000000000028 0.0334631999999999985 0.0323818999999999982 0.0352009000000000002 0.0366768999999999984 0.0377194000000000002 0.0337708999999999995 0.0332999000000000003 0.0395220000000000016 0.0216762999999999990 0.0314788999999999972 0.0332336000000000020 0.0380740999999999996 0.0347481999999999999 0.0365358000000000002 0.0388492000000000004 0.0339814999999999978 0.0350338999999999998 0.0350306000000000020 0.0340094999999999981 0.0361720999999999987 0.0297808999999999990 0.0355460999999999971 0.0402947999999999987 0.0330208999999999989 0.0353551000000000004 0.0346477999999999994 0.0334416999999999978 0.0346341000000000010 0.0301526000000000016 0.0314914000000000027 0.0335868000000000000 0.0349903000000000020 0.0322532999999999986 0.0379627999999999979 0.0356966000000000019 0.0333666999999999991 0.0297026999999999985 0.0305190000000000010 0.0380761999999999975 0.0255715999999999999 0.0318647000000000027 0.0315961000000000020 0.0304426999999999996 0.0362916000000000002 0.0340743999999999977 0.0299129999999999986 0.0165826999999999988 0.0329679999999999973 0.0293297999999999996 0.0156851000000000004 0.0315785999999999983 0.0338924000000000031 0.0241039000000000010 0.0366196999999999981 0.0341769000000000031 0.0379374000000000031 0.0299885000000000013 0.0338238999999999970 0.0278032000000000001 0.0271828000000000000 0.0349223000000000033 0.0260543999999999984 0.0294039999999999996 0.0354584000000000010 0.0302276000000000003 0.0294963999999999990 0.0289372999999999991 0.0300920000000000007 0.0344208999999999973 0.0306930000000000015 0.0352499999999999966 0.0305564000000000009 0.0334479000000000026 0.0306671999999999986 0.0298573999999999992 0.0320959999999999995 0.0279409000000000012 0.0324115999999999987 0.0316933000000000006 0.0245896999999999991 0.0319853000000000012 0.0345183000000000018 0.0353761000000000006 0.0297900999999999999
