0.0000000000000000000 0.0347572000000000020 0.0442837999999999982 0.0371949000000000030 0.0368426000000000031 0.0399028000000000022 0.0367091000000000015 0.0354802999999999993 0.0364328000000000013 0.0334742000000000026 0.0311834999999999994 0.0276665999999999995 0.0299465000000000009 0.0281835999999999996 0.0278755000000000010
0.0347572000000000020 0.0000000000000000000 0.0363358999999999974 0.0269934000000000007 0.0364340999999999970 0.0313927999999999985 0.0339375000000000024 0.0290287000000000010 0.0319829999999999975 0.0223380999999999996 0.0301907000000000009 0.0275309999999999999 0.0219010999999999997 0.0239912000000000007 0.0114768000000000005
0.0442837999999999982 0.0363358999999999974 0.0000000000000000000 0.0356638999999999984 0.0387856999999999993 0.0297082000000000006 0.0272938999999999994 0.0309386000000000001 0.0145539999999999992 0.0237169999999999985 0.0216299000000000005 0.0224328999999999987 0.0213453000000000011 0.0213511000000000013 0.0214541000000000003
0.0371949000000000030 0.0269934000000000007 0.0356638999999999984 0.0000000000000000000 0.0306305000000000015 0.0207081000000000001 0.0335613000000000022 0.0258520000000000000 0.0284644000000000008 0.0245715999999999990 0.0265040999999999992 0.0254914000000000009 0.0176293999999999999 0.0211678000000000005 0.0165094000000000005
0.0368426000000000031 0.0364340999999999970 0.0387856999999999993 0.0306305000000000015 0.0000000000000000000 0.0269162000000000012 0.0246588000000000016 0.0258093000000000003 0.0300811999999999989 0.0256112000000000006 0.0174650000000000014 0.0190038000000000012 0.0176905000000000014 0.0200783999999999997 0.0200096999999999983
0.0399028000000000022 0.0313927999999999985 0.0297082000000000006 0.0207081000000000001 0.0269162000000000012 0.0000000000000000000 0.0289072000000000010 0.0254903999999999999 0.0222082000000000009 0.0236147999999999983 0.0228216000000000009 0.0205965000000000002 0.0221199000000000014 0.0198324999999999994 0.0176564999999999986
0.0367091000000000015 0.0339375000000000024 0.0272938999999999994 0.0335613000000000022 0.0246588000000000016 0.0289072000000000010 0.0000000000000000000 0.0266809000000000004 0.0268922000000000015 0.0199591999999999999 0.0111730000000000006 0.0184985000000000011 0.0204987000000000016 0.0194731000000000001 0.0174886999999999994
0.0354802999999999993 0.0290287000000000010 0.0309386000000000001 0.0258520000000000000 0.0258093000000000003 0.0254903999999999999 0.0266809000000000004 0.0000000000000000000 0.0245858000000000014 0.0201724999999999995 0.0210889000000000007 0.0191878000000000014 0.0195087999999999998 0.0149710999999999993 0.0157184000000000004
0.0364328000000000013 0.0319829999999999975 0.0145539999999999992 0.0284644000000000008 0.0300811999999999989 0.0222082000000000009 0.0268922000000000015 0.0245858000000000014 0.0000000000000000000 0.0247075999999999997 0.0221074999999999987 0.0163797000000000005 0.0159003999999999986 0.0136522999999999992 0.0147963999999999995
0.0334742000000000026 0.0223380999999999996 0.0237169999999999985 0.0245715999999999990 0.0256112000000000006 0.0236147999999999983 0.0199591999999999999 0.0201724999999999995 0.0247075999999999997 0.0000000000000000000 0.0152455999999999998 0.0136553999999999998 0.0094321000000000006 0.0120251000000000004 0.0122866000000000000
0.0311834999999999994 0.0301907000000000009 0.0216299000000000005 0.0265040999999999992 0.0174650000000000014 0.0228216000000000009 0.0111730000000000006 0.0210889000000000007 0.0221074999999999987 0.0152455999999999998 0.0000000000000000000 0.0113691999999999994 0.0138017000000000001 0.0119133999999999993 0.0131128000000000008
0.0276665999999999995 0.0275309999999999999 0.0224328999999999987 0.0254914000000000009 0.0190038000000000012 0.0205965000000000002 0.0184985000000000011 0.0191878000000000014 0.0163797000000000005 0.0136553999999999998 0.0113691999999999994 0.0000000000000000000 0.0142994999999999997 0.0095434900000000000 0.0107735999999999995
0.0299465000000000009 0.0219010999999999997 0.0213453000000000011 0.0176293999999999999 0.0176905000000000014 0.0221199000000000014 0.0204987000000000016 0.0195087999999999998 0.0159003999999999986 0.0094321000000000006 0.0138017000000000001 0.0142994999999999997 0.0000000000000000000 0.0109812999999999994 0.0089072100000000005
0.0281835999999999996 0.0239912000000000007 0.0213511000000000013 0.0211678000000000005 0.0200783999999999997 0.0198324999999999994 0.0194731000000000001 0.0149710999999999993 0.0136522999999999992 0.0120251000000000004 0.0119133999999999993 0.0095434900000000000 0.0109812999999999994 0.0000000000000000000 0.0078573299999999992
0.0278755000000000010 0.0114768000000000005 0.0214541000000000003 0.0165094000000000005 0.0200096999999999983 0.0176564999999999986 0.0174886999999999994 0.0157184000000000004 0.0147963999999999995 0.0122866000000000000 0.0131128000000000008 0.0107735999999999995 0.0089072100000000005 0.0078573299999999992 0.0000000000000000000

